0.000014
0.000135
0.000242
0.000403
0.000532
0.000701
0.000857
0.001070
0.001272
0.001510
0.001691
0.001811
0.001950
0.001975
0.002117
0.002160
0.002414
0.002595
0.002601
0.002726

0.000022
0.000160
0.000318
0.000523
0.000732
0.001002
0.001268
0.001633
0.002110
0.002756
0.003206
0.004255
0.004922
0.005385
0.005951
0.007223
0.007735
0.007949
0.009225
0.009672

0.000025
0.000505
0.000805
0.001775
0.003256
0.005740
0.008686
0.013817
0.022886
0.028873
0.033012
0.040773
0.047678
0.056113
0.069706
0.078520
0.086490
0.086527
0.112405
0.107391

